1 0 1 0 1 1 0 1 0 1 1 0 0 1 0 0 0
2 0 1 0 1 1 0 1 0 1 1 0 1 1 1 0 0
3 0 1 0 1 1 0 1 0 1 1 0 0 1 0 1 1
4 0 1 0 1 1 1 1 1 1 1 0 0 1 0 0 0
6 1 1 0 1 1 0 1 0 1 1 0 0 1 0 1 0
7 0 1 1 1 1 0 1 0 1 0 0 0 1 0 0 0
8 0 1 1 0 1 0 1 0 1 1 0 0 1 0 0 1
9 0 1 0 1 1 0 1 1 1 1 0 0 1 0 0 1
10 1 0 1 0 1 0 1 1 1 1 0 0 1 0 0 0
11 1 1 0 1 1 0 1 0 1 1 0 0 1 1 0 0
12 0 1 0 1 1 1 1 0 1 1 0 1 1 0 0 0
13 0 1 0 1 1 0 1 0 1 1 0 0 1 0 0 0
14 0 1 0 1 1 0 1 1 1 1 0 0 1 0 0 1
15 0 1 0 1 1 0 1 1 1 1 0 0 1 0 0 1
16 1 1 0 1 1 0 1 0 1 1 0 0 1 0 0 1 
17 0 1 0 1 1 0 1 0 1 1 0 1 1 1 0 0
18 0 1 1 1 1 0 1 1 1 1 0 0 1 0 0 0
19 1 1 0 1 1 0 1 0 1 1 0 1 1 0 0 0
20 0 1 0 1 1 1 1 0 1 1 0 0 1 1 0 0
21 0 1 1 1 1 0 1 1 1 1 0 1 1 0 0 0
22 0 1 1 1 1 0 1 0 1 1 0 0 1 1 1 1
23 0 1 1 1 1 1 1 0 1 1 1 0 1 0 0 0
24 0 1 0 1 1 1 1 0 1 1 0 0 1 1 0 0
25 0 1 0 1 1 0 1 1 1 1 0 0 1 0 1 1
26 0 1 0 1 1 0 1 1 1 1 0 0 1 0 1 1
27 0 1 0 1 1 0 1 0 1 1 1 0 1 1 0 0
28 0 1 0 1 1 0 1 0 1 1 0 1 1 0 1 0
29 0 1 0 1 1 0 1 0 1 1 0 0 1 0 0 0
30 0 1 1 1 1 0 1 0 1 1 0 0 1 0 1 1
31 0 1 0 1 1 0 1 0 1 1 0 1 1 0 0 1
32 0 1 0 1 1 0 1 1 1 1 0 0 1 0 1 1
33 0 1 0 1 1 0 1 0 1 1 0 1 1 0 1 1
34 0 1 0 1 1 1 1 0 1 1 0 0 1 1 0 0
35 0 1 0 1 1 0 1 0 1 1 0 0 1 0 1 0
36 0 1 0 1 1 1 1 0 1 1 0 0 1 0 0 0
37 0 1 0 1 1 0 1 0 1 1 0 1 1 1 1 1
38 0 1 1 1 1 0 1 0 1 1 0 0 1 1 1 1