300
354
462
558
792
831
996
1152
1281
1332
1620
1857
2133
2265
2445
2559
2844
3114
3297
3396
3510
3531
3549
3780
4011
4122
4350
4419
4605
4851
4875
4980
5109
5196
5259
5550
5664
5751
5931
6210
6231
6435
6555
6606
6792
6894
6945
7077
7293
7488
7614
7848
7860
8103
8178
8364
8442
8616
8694
8970
9039
9165
9216
9357
9522
9774
10023
10278
10539
10731
10755
10932
11112
11175
11307
11505
11535
11637
11766
11838
11838
11970
12162
12282
12282
12525
12756
12939
13044
13152
13368
13473
13530
13671
13935
14067
14157
14199
14364
14481
14715
14877
15147
15216
15360
15621
15747
15828
15861
16116
16245
16539
16599
16884
17151
17274
17559
17574
17772
17955
18036
18231
18300
18381
18507
18594
18597
18861
19137
19395
19608
19890
20007
20094
20115
20361
20583
20778
20871
21054
21141
21348
21351
21480
21537
21651
21939
21987
22068
22152
22443
22575
22629
22851
22983
23085
23151
23424
23673
23694
23778
23802
23850
23979
24171
24405
24600
24675
24870
24978
25131
25353
25632
25896
26091
26229
26427
26682
26787
26814
27075
27261
27369
27519
27612
27813
27993
28254
28356
28566
28620
28704
28830
28839
29100
29343
29367
29544
29625
29640
29769
