5003338970671
5003349587175
5003362718283
5003373417752
5003389312787
5003397694799
5003407972175
5003417059389
5003425890866
5003438777356
5003449123584
5003458881359
5003472564569
5003485571230
5003496083814
5003508932243
5003523132058
5003539881544
5003561879625
5003577237527
5003594438616
5003612354314
5003645785717
5003664129925
5003681071427
5003748340506
5003765876020
5003778669709
5003795340935
5003813994336
5003834927132
5003852385668
5003872704353
5003890955760
5003910186920
5003929557069
5003949871905
5003970061865
5003990327521
5004009551413
5004049461770
5004069613243
5004088991945
5004117023365
5004138656229
5004165260998
5004210466990
5004260909177
5004288926912
5004316836879
5004342759966
5004371921673
5004397651462
5004425083312
5004453866974
5004481834674
5004747192967
5004773767370
5004801109840
5004827971627
5004887733244
5004930051293
5004958535597
5004986050840
5005015052606
5005063678547
5005098957415
5005126742079
5005159953669
5005194349004
5005224589684
5005258219090
5005292609295
5005326220739
5005359418644
5005399746393
5005434923052
5005478408167
5005529745861
5005574563973
5005614723653
5005657963723
5005754617747
5005797754324
5005840584701
5005887695039
5005932678652
5005980161903
5006029467387
5006086315826
5006139402195
5006191766686
5006232500277
5006284192069
5006382957418
5006443642339
5006502857842
5006568052373
5006631407136
5006696298460
5006768525328
5006853425289
5006917264584
5006995119376
5007061745690
5007206522306
5007279208474
5007348346401
5007470972262
5007536782186
5007598519564
5007670746860
5007742907870
5007802617740
5007898341617
5007995238119
5008059080835
5008169852563
5008254916314
5008327475898
5008426519221
5008536376625
5008610373126
5008704970560
5008803512247
5008889573287
5009099689407
5009305231344
5009452265970
5009579783336
5009685735834
5009800395362
5009934687192
5010018279386
5010132526656
5010250570207
5010355510021
5010494516732
5010570825556
5010906263896
5011082655669
5011187277308
5011390640776
5011532026953
5011677440345
5011832347651
5011945067341
5012094873164
5012196086830
5012344865003
5012491620800
5012633633918
5012789113849
5012915149395
5013122882202
5013225771417
5013482947836
5013697571000
5013876635610
5014055888815
5014191842506
5014558115108
5014831309301
5015041096555
5015354425623
5015539298199
5015839451256
5016051929735
5016257817215
5016441581311
5016658029701
5016825070826
5017041635964
5017220808771
5017492542525
5017746859226
5017987006048
5018159384292
5018402418630
5018576581901
5018822481520
5019004678694
5019261812778
5019449559186
5019817331142
5020027061946
5020296112602
5020525642063
5020808511922
5021078993934
5021385734569
5021751282298
5021909232360
5022206399965
5022409709976
5022764114759
5023058745096
5023360788809
5023600609758
5023906550680
5024208367739
