7
5
9
6
12
6
8
6
6
10
7
7
10
9
7
9
10
12
12
10
12
12
29
13
12
61
12
8
10
12
13
11
12
10
12
11
11
11
12
10
30
9
8
16
12
13
33
38
15
14
11
15
11
12
14
12
248
12
10
11
45
25
11
9
9
33
12
8
10
10
9
11
9
9
9
18
9
16
22
14
8
12
63
10
15
11
9
11
13
11
13
12
9
8
56
16
15
16
14
14
15
27
11
14
9
75
8
12
58
9
10
11
10
9
30
25
9
36
11
9
13
13
10
16
10
20
18
15
12
24
9
7
12
10
10
9
13
17
10
193
7
11
19
13
10
13
8
13
8
10
7
8
8
18
9
13
105
37
9
10
8
95
13
9
218
7
15
12
11
11
12
10
9
25
28
95
13
9
13
13
10
9
15
10
10
14
12
11
10
8
18
10
10
11
14
24
94
8
10
14
8
